check1=( 1.000e+000), check2=(4.327e-002), dist=0.04327424348202
check1=( 4.806e-001), check2=(2.023e-002), dist=1.06943077008580
check1=( 1.657e-002), check2=(9.064e-007), dist=2.02217206432506
check1=( 1.752e-005), check2=(2.925e-008), dist=1.99146514726659
