check1=(  1.000e+00), check2=( 4.327e-02), dist=0.04327424348202
check1=(  4.806e-01), check2=( 2.023e-02), dist=1.06943077008580
check1=(  1.657e-02), check2=( 9.064e-07), dist=2.02217206432506
check1=(  1.752e-05), check2=( 2.925e-08), dist=1.99146514726659
